    24 
  5.000000000000000000E+00 
  4.271618316640515278E-01 
  1.000000000000000194E-01 
  5.000000000000000000E+00 
  1.000000000000000000E+00 
  5.000000000000000000E+00 
  2.446667279147713425E-01 
  4.268496950364444764E+00 
  2.712666041891042212E+00 
  9.892447368050625300E+00 
  5.000000000000000000E-01 
  4.000000000000000777E-02 
  1.000000000000000178E+01 
  1.000000000000000000E+00 
  1.000000000000000178E+01 
  1.491117380972362412E+02 
  5.380738513898035702E-01 
  4.496417552651731597E+00 
  5.444566069465583968E-02 
  1.060299999999999585E+02 
  4.339709516406868861E-01 
  4.772947157086483982E-01 
  2.766469250543921454E-01 
  2.999999999999999556E+00 
