    22 
  5.000000000000000000E+00 
  5.840340628950224655E-01 
  5.000000000000000000E+00 
  1.000000000000000000E+00 
  5.000000000000000000E+00 
  4.053355190888529691E+00 
  2.610998757646440183E+00 
  1.000000000000000178E+01 
  5.000000000000000000E-01 
  4.000000000000000777E-02 
  9.000000000000001776E+00 
  1.000000000000000000E+00 
  9.000000000000001776E+00 
  1.491117380972362412E+02 
  5.978598348775596705E-01 
  4.496417552651731597E+00 
  6.049517854961762586E-02 
  1.060299999999999585E+02 
  4.255100347641859182E-01 
  4.597139192531847773E-01 
  3.225969341068833374E-01 
  2.999999999999999556E+00 
