    24 
  3.338852747301085166E+00 
  1.668893083674998223E-01 
  1.619640848429316771E-01 
  3.218623167635469073E+00 
  3.559401294115228653E-01 
  7.421283058550772971E+00 
  6.006474689137501766E-02 
  5.727568929856345470E+00 
  1.987241724951018668E-02 
  7.264255273277159475E+00 
  2.835873522719233319E-01 
  4.731574799905338691E-02 
  1.327434892152038515E+01 
  6.603606257668401813E-01 
  5.341281709808882283E+00 
  8.554824607330709796E+01 
  5.380738513898035702E-01 
  4.949730379033470129E+00 
  5.444566069465583968E-02 
  9.871441178332399602E+01 
  3.761723194950586380E-01 
  7.548398455859139933E-02 
  1.821258330214581833E-01 
  2.999999999999999556E+00 
