    21 
  5.000000000000000000E+00 
  5.000000000000000000E+00 
  1.000000000000000000E+00 
  5.000000000000000000E+00 
  4.615583306145442322E+00 
  2.584278792747748632E+00 
  1.000000000000000178E+01 
  5.000000000000000000E-01 
  4.000000000000000777E-02 
  9.000000000000001776E+00 
  1.000000000000000000E+00 
  9.000000000000001776E+00 
  1.491117380972362412E+02 
  6.068972948774333798E-01 
  4.496417552651731597E+00 
  6.953263854949141842E-02 
  1.060299999999999585E+02 
  4.268659608374329451E-01 
  3.947709402087210551E-01 
  4.681768173631861707E-01 
  2.999999999999999556E+00 
