    21 
  5.000000000000000000E+00 
  5.000000000000000000E+00 
  1.000000000000000000E+00 
  5.000000000000000000E+00 
  1.800000000000000044E+00 
  6.000000000000000000E+00 
  1.000000000000000178E+01 
  5.000000000000000000E-01 
  4.000000000000000777E-02 
  9.000000000000001776E+00 
  1.000000000000000000E+00 
  9.000000000000001776E+00 
  1.491117380972362412E+02 
  6.068972948774333798E-01 
  4.496417552651731597E+00 
  6.953263854949141842E-02 
  1.060299999999999585E+02 
  5.175019473873571085E-01 
  5.930095256059606523E-01 
  1.646137885504103116E-01 
  2.999999999999999556E+00 
