    21 
  5.000000000000000000E+00 
  5.000000000000000000E+00 
  1.000000000000000000E+00 
  5.000000000000000000E+00 
  3.847694294042903973E+00 
  2.681458239319004733E+00 
  1.000000000000000178E+01 
  5.000000000000000000E-01 
  4.000000000000000777E-02 
  9.000000000000001776E+00 
  1.000000000000000000E+00 
  9.000000000000001776E+00 
  1.491117380972362412E+02 
  5.888223748776857391E-01 
  4.496417552651731597E+00 
  5.145771854974379167E-02 
  1.060299999999999585E+02 
  4.228340772989173657E-01 
  4.995916171659775529E-01 
  2.013563072257158471E-01 
  2.999999999999999556E+00 
